no: 0
     1.000000      0.000000      0.000000      0.000000 
     0.000000      1.000000     -0.000000      0.000000 
     0.000000     -0.000000      1.000000      0.000000 

no: 1
     0.999983      0.002219     -0.005344     -0.174643 
    -0.002247      0.999984     -0.005164      0.177910 
     0.005332      0.005176      0.999972     -0.937957 

no: 2
     0.999996      0.000519     -0.002854     -0.022463 
    -0.000546      0.999953     -0.009717     -0.145686 
     0.002849      0.009718      0.999949     -0.360365 

no: 3
     0.999913      0.002167     -0.012975     -0.078184 
    -0.002229      0.999986     -0.004741      0.040473 
     0.012964      0.004770      0.999905     -0.806635 

no: 7
     0.999679      0.004593     -0.024903     -0.247957 
    -0.004481      0.999980      0.004554     -0.155227 
     0.024924     -0.004441      0.999679     -0.120594 

no: 8
     0.999512      0.002910     -0.031093     -0.258765 
    -0.003907      0.999479     -0.032052      0.200278 
     0.030983      0.032158      0.999002     -2.721121 

no: 9
     0.999636      0.002002     -0.026907     -0.192273 
    -0.003774      0.997814     -0.065980     -0.031748 
     0.026716      0.066057      0.997458     -1.934200 

no: 10
     0.999463      0.002540     -0.032683     -0.083483 
    -0.005274      0.996464     -0.083857      0.153109 
     0.032355      0.083984      0.995942     -3.716812 

no: 11
     0.999632      0.000657     -0.027134     -0.005632 
    -0.002578      0.997486     -0.070824     -0.175636 
     0.027020      0.070867      0.997120     -2.501792 

no: 12
     0.999632      0.001070     -0.027122     -0.124254 
    -0.002985      0.997497     -0.070651     -0.063462 
     0.026979      0.070706      0.997132     -2.435754 

no: 13
     0.999580      0.001104     -0.028964     -0.089690 
    -0.003222      0.997314     -0.073179     -0.068244 
     0.028805      0.073241      0.996898     -2.447610 

no: 14
     0.999523      0.000513     -0.030876     -0.148391 
    -0.002839      0.997155     -0.075327     -0.098424 
     0.030749      0.075379      0.996681     -2.554460 

no: 15
     0.999615      0.000799     -0.027740     -0.131294 
    -0.002787      0.997424     -0.071670     -0.178065 
     0.027611      0.071720      0.997043     -2.366738 

no: 17
     0.999526      0.002205     -0.030703     -0.298509 
    -0.003337      0.999315     -0.036861      0.138211 
     0.030601      0.036945      0.998849     -2.567241 

no: 19
     0.999695      0.002864     -0.024543     -0.289807 
    -0.003104      0.999948     -0.009745      0.046275 
     0.024514      0.009819      0.999651     -1.261033 

no: 20
     0.999687      0.003332     -0.024801     -0.358813 
    -0.003576      0.999945     -0.009824     -0.018495 
     0.024767      0.009910      0.999644     -1.184567 

no: 21
     0.999618      0.003330     -0.027423     -0.320041 
    -0.003456      0.999984     -0.004541     -0.059411 
     0.027407      0.004634      0.999614     -1.563016 

no: 22
     0.999588      0.005096     -0.028233     -0.344206 
    -0.004750      0.999913      0.012283      0.129957 
     0.028293     -0.012144      0.999526     -1.474623 

no: 23
     0.999806      0.003388     -0.019389     -0.267035 
    -0.002508      0.998972      0.045267     -0.567339 
     0.019523     -0.045209      0.998787      1.192205 

no: 24
     0.999673      0.004697     -0.025146     -0.297729 
    -0.003006      0.997756      0.066885     -0.176977 
     0.025404     -0.066787      0.997444      0.349109 

no: 25
     0.999620      0.006238     -0.026850     -0.442361 
    -0.004459      0.997822      0.065808      0.226130 
     0.027202     -0.065663      0.997471     -0.478989 

no: 26
     0.999625      0.004786     -0.026951     -0.335936 
    -0.002844      0.997426      0.071644      0.254883 
     0.027225     -0.071540      0.997066     -0.579676 

no: 27
     0.999627      0.006419     -0.026537     -0.464437 
    -0.003832      0.995336      0.096388      0.180222 
     0.027032     -0.096251      0.994990     -0.021058 

no: 29
     0.999751      0.006016     -0.021482     -0.548182 
    -0.003720      0.994431      0.105328      0.337256 
     0.021996     -0.105222      0.994206      1.316716 

no: 30
     0.999700      0.006200     -0.023698     -0.534045 
    -0.003720      0.994644      0.103291      0.468004 
     0.024211     -0.103172      0.994369      0.343925 

no: 32
     0.999755      0.005809     -0.021368     -0.537696 
    -0.003603      0.994794      0.101845      0.075102 
     0.021848     -0.101743      0.994571      1.106263 

no: 33
     0.999770      0.004454     -0.020971     -0.360680 
    -0.002226      0.994457      0.105118      0.008420 
     0.021323     -0.105047      0.994239      1.118451 

no: 34
     0.999654      0.006760     -0.025433     -0.533885 
    -0.003899      0.993824      0.110902      0.274511 
     0.026026     -0.110765      0.993506      0.643288 

no: 35
     0.999639      0.007677     -0.025737     -0.544916 
    -0.004288      0.991604      0.129243      0.651616 
     0.026513     -0.129086      0.991279      0.880248 

no: 36
     0.999685      0.008054     -0.023769     -0.565667 
    -0.004844      0.991222      0.132118      0.409863 
     0.024624     -0.131962      0.990949      0.812077 

no: 37
     0.999588      0.008616     -0.027370     -0.597154 
    -0.004600      0.989635      0.143532      0.540282 
     0.028323     -0.143347      0.989267      1.130983 

no: 40
     0.999671      0.007447     -0.024534     -0.480007 
    -0.004283      0.991945      0.126593      0.491858 
     0.025279     -0.126447      0.991651      0.738232 

no: 42
     0.999735      0.006109     -0.022197     -0.808796 
    -0.004602      0.997720      0.067334      0.202946 
     0.022558     -0.067214      0.997484      0.519370 

no: 43
     0.999769      0.004006     -0.021101     -0.966029 
    -0.003762      0.999926      0.011601      0.197245 
     0.021146     -0.011519      0.999710     -0.321570 

no: 44
     0.999728      0.003076     -0.023136     -1.000483 
    -0.004201      0.998803     -0.048731     -0.045310 
     0.022958      0.048815      0.998544     -1.389283 

no: 45
     0.999685      0.004005     -0.024757     -1.192053 
    -0.006001      0.996691     -0.081060      0.305536 
     0.024351      0.081183      0.996402     -2.178507 

no: 46
     0.999694      0.002149     -0.024636     -1.035192 
    -0.004882      0.993758     -0.111447      0.048196 
     0.024243      0.111533      0.993465     -2.461312 

no: 47
     0.999729      0.001455     -0.023245     -0.929726 
    -0.004730      0.989930     -0.141481     -0.282182 
     0.022805      0.141553      0.989668     -2.183789 

no: 49
     0.999755     -0.000437     -0.022111     -0.882881 
    -0.003184      0.986546     -0.163453     -0.427423 
     0.021885      0.163484      0.986303     -2.616004 

no: 50
     0.999811      0.000128     -0.019419     -1.056225 
    -0.003490      0.984881     -0.173195     -0.118579 
     0.019103      0.173230      0.984696     -3.025623 

no: 51
     0.999855     -0.000039     -0.017037     -0.926838 
    -0.003213      0.981624     -0.190796     -0.208846 
     0.016732      0.190823      0.981482     -2.459042 

no: 55
     0.999575      0.000164     -0.029155     -1.032598 
    -0.006398      0.976845     -0.213853      0.341525 
     0.028445      0.213948      0.976431     -4.470908 

no: 57
     0.999772     -0.000811     -0.021337     -0.996345 
    -0.003960      0.974900     -0.222607     -0.168556 
     0.020982      0.222641      0.974675     -3.301571 

no: 58
     0.999617      0.000628     -0.027672     -1.084026 
    -0.006717      0.975365     -0.220493      0.331949 
     0.026852      0.220594      0.974996     -4.266205 

no: 59
     0.999729      0.000386     -0.023288     -1.098180 
    -0.005560      0.974915     -0.222507      0.090813 
     0.022618      0.222576      0.974653     -3.550151 

no: 62
     0.999894     -0.000427     -0.014525     -1.773270 
    -0.002940      0.972964     -0.230940     -0.011007 
     0.014231      0.230958      0.972860     -2.990272 

no: 63
     0.999837      0.000936     -0.018014     -2.030794 
    -0.005135      0.972098     -0.234521      0.107419 
     0.017292      0.234575      0.971944     -2.909859 

no: 66
     0.999999      0.000885      0.001227     -3.228826 
    -0.000561      0.970061     -0.242861     -0.683673 
    -0.001405      0.242860      0.970060     -0.163186 

no: 67
     0.999969      0.005250      0.005820     -3.800956 
    -0.003521      0.964294     -0.264810      0.185015 
    -0.007002      0.264781      0.964283     -1.205183 

no: 69
     0.999917      0.006031      0.011360     -4.304578 
    -0.002865      0.965502     -0.260379      0.077876 
    -0.012539      0.260325      0.965440     -0.389420 

